//Возведение числа в степень
00 +1013 //вводим число
01 +1014 //вводим степень
02 +2014
03 +3112
04 +4110
05 +2114
06 +2015
07 +3313
08 +2115
09 +4002
10 +1115
11 +4300
12 +0001 
13 +0000 //число
14 +0000 //степень (показатель меняется)
15 +0001 //результат

//Подсчет факториала
00 +1012 //вводим число
01 +2012
02 +4209
03 +3313
04 +2113
05 +2012
06 +3111
07 +2112
08 +4001
09 +1113
10 +4300
11 +0001
12 +0000 //число (показатель меняется)
13 +0001 //результат

//Вывод числа Фибоначчи
00 +1033 //вводим номер члена
01 +2033
02 +3128
03 +4226
04 +2033
05 +3129
06 +4226
07 +2028
08 +3029
09 +2129
10 +2033
11 +3129
12 +4124
13 +2033 
14 +3128
15 +2133
16 +2030
17 +3031
18 +2132
19 +2031
20 +2130
21 +2032
22 +2131
23 +4010
24 +1132
25 +4300
26 +1131
27 +4300
28 +0001
29 +0002 
30 +0001
31 +0001
32 +0000 //результат
33 +0000 //номер члена (показатель меняется) 

